{
 "cells": [
  {
   "cell_type": "code",
   "execution_count": 1,
   "metadata": {},
   "outputs": [
    {
     "data": {
      "text/html": [
       "<script type=\"text/javascript\">window.PlotlyConfig = {MathJaxConfig: 'local'};</script><script type=\"text/javascript\">if (window.MathJax) {MathJax.Hub.Config({SVG: {font: \"STIX-Web\"}});}</script><script>requirejs.config({paths: { 'plotly': ['https://cdn.plot.ly/plotly-latest.min']},});if(!window._Plotly) {require(['plotly'],function(plotly) {window._Plotly=plotly;});}</script>"
      ],
      "text/vnd.plotly.v1+html": [
       "<script type=\"text/javascript\">window.PlotlyConfig = {MathJaxConfig: 'local'};</script><script type=\"text/javascript\">if (window.MathJax) {MathJax.Hub.Config({SVG: {font: \"STIX-Web\"}});}</script><script>requirejs.config({paths: { 'plotly': ['https://cdn.plot.ly/plotly-latest.min']},});if(!window._Plotly) {require(['plotly'],function(plotly) {window._Plotly=plotly;});}</script>"
      ]
     },
     "metadata": {},
     "output_type": "display_data"
    }
   ],
   "source": [
    "import sys\n",
    "#!conda install --yes --prefix {sys.prefix} plotly\n",
    "import os\n",
    "import matplotlib.pyplot as plt#visualization\n",
    "from PIL import  Image\n",
    "%matplotlib inline\n",
    "import pandas as pd\n",
    "import seaborn as sns#visualization\n",
    "import itertools\n",
    "import warnings\n",
    "warnings.filterwarnings(\"ignore\")\n",
    "import io\n",
    "import plotly.offline as py#visualization\n",
    "py.init_notebook_mode(connected=True)#visualization\n",
    "import plotly.graph_objs as go #visualization\n",
    "import plotly.tools as tls#visualization\n",
    "import plotly.figure_factory as ff#visualization\n",
    "import pandas as pd\n",
    "import numpy as np\n",
    "import matplotlib.pyplot as plt"
   ]
  },
  {
   "cell_type": "code",
   "execution_count": 2,
   "metadata": {},
   "outputs": [],
   "source": [
    "dataset = pd.read_csv('Telco-Customer-Churn.csv')"
   ]
  },
  {
   "cell_type": "code",
   "execution_count": 3,
   "metadata": {},
   "outputs": [
    {
     "name": "stdout",
     "output_type": "stream",
     "text": [
      "Missing Values: customerID          0\n",
      "gender              0\n",
      "SeniorCitizen       0\n",
      "Partner             0\n",
      "Dependents          0\n",
      "tenure              0\n",
      "PhoneService        0\n",
      "MultipleLines       0\n",
      "InternetService     0\n",
      "OnlineSecurity      0\n",
      "OnlineBackup        0\n",
      "DeviceProtection    0\n",
      "TechSupport         0\n",
      "StreamingTV         0\n",
      "StreamingMovies     0\n",
      "Contract            0\n",
      "PaperlessBilling    0\n",
      "PaymentMethod       0\n",
      "MonthlyCharges      0\n",
      "TotalCharges        0\n",
      "Churn               0\n",
      "dtype: int64\n"
     ]
    }
   ],
   "source": [
    "print(\"Missing Values:\",dataset.isnull().sum())"
   ]
  },
  {
   "cell_type": "code",
   "execution_count": 4,
   "metadata": {},
   "outputs": [
    {
     "name": "stdout",
     "output_type": "stream",
     "text": [
      "Unique Values: 15277\n"
     ]
    }
   ],
   "source": [
    "print(\"Unique Values:\",dataset.nunique().sum())"
   ]
  },
  {
   "cell_type": "code",
   "execution_count": 5,
   "metadata": {},
   "outputs": [
    {
     "name": "stdout",
     "output_type": "stream",
     "text": [
      "Missing Values: customerID           0\n",
      "gender               0\n",
      "SeniorCitizen        0\n",
      "Partner              0\n",
      "Dependents           0\n",
      "tenure               0\n",
      "PhoneService         0\n",
      "MultipleLines        0\n",
      "InternetService      0\n",
      "OnlineSecurity       0\n",
      "OnlineBackup         0\n",
      "DeviceProtection     0\n",
      "TechSupport          0\n",
      "StreamingTV          0\n",
      "StreamingMovies      0\n",
      "Contract             0\n",
      "PaperlessBilling     0\n",
      "PaymentMethod        0\n",
      "MonthlyCharges       0\n",
      "TotalCharges        11\n",
      "Churn                0\n",
      "dtype: int64\n"
     ]
    }
   ],
   "source": [
    "### Data Manipulation\n",
    "\n",
    "#Replacing spaces with null values in total charges column\n",
    "\n",
    "dataset['TotalCharges'] = dataset['TotalCharges'].replace(\" \",np.nan)\n",
    "print(\"Missing Values:\",dataset.isnull().sum())"
   ]
  },
  {
   "cell_type": "code",
   "execution_count": 6,
   "metadata": {},
   "outputs": [],
   "source": [
    "## Droping null values since TotalCharges has max null values\n",
    "dataset.dropna(subset=['TotalCharges'], inplace=True)"
   ]
  },
  {
   "cell_type": "code",
   "execution_count": 7,
   "metadata": {},
   "outputs": [
    {
     "name": "stdout",
     "output_type": "stream",
     "text": [
      "Missing Values: customerID          0\n",
      "gender              0\n",
      "SeniorCitizen       0\n",
      "Partner             0\n",
      "Dependents          0\n",
      "tenure              0\n",
      "PhoneService        0\n",
      "MultipleLines       0\n",
      "InternetService     0\n",
      "OnlineSecurity      0\n",
      "OnlineBackup        0\n",
      "DeviceProtection    0\n",
      "TechSupport         0\n",
      "StreamingTV         0\n",
      "StreamingMovies     0\n",
      "Contract            0\n",
      "PaperlessBilling    0\n",
      "PaymentMethod       0\n",
      "MonthlyCharges      0\n",
      "TotalCharges        0\n",
      "Churn               0\n",
      "dtype: int64\n"
     ]
    }
   ],
   "source": [
    "print(\"Missing Values:\",dataset.isnull().sum())"
   ]
  },
  {
   "cell_type": "code",
   "execution_count": 8,
   "metadata": {},
   "outputs": [],
   "source": [
    "#replace 'No internet service' to No for the following columns\n",
    "replace_cols = [ 'OnlineSecurity', 'OnlineBackup', 'DeviceProtection',\n",
    "                'TechSupport','StreamingTV', 'StreamingMovies']\n",
    "for i in replace_cols : \n",
    "    dataset[i]  = dataset[i].replace({'No internet service' : 'No'})"
   ]
  },
  {
   "cell_type": "code",
   "execution_count": 9,
   "metadata": {},
   "outputs": [
    {
     "data": {
      "text/html": [
       "<div>\n",
       "<style scoped>\n",
       "    .dataframe tbody tr th:only-of-type {\n",
       "        vertical-align: middle;\n",
       "    }\n",
       "\n",
       "    .dataframe tbody tr th {\n",
       "        vertical-align: top;\n",
       "    }\n",
       "\n",
       "    .dataframe thead th {\n",
       "        text-align: right;\n",
       "    }\n",
       "</style>\n",
       "<table border=\"1\" class=\"dataframe\">\n",
       "  <thead>\n",
       "    <tr style=\"text-align: right;\">\n",
       "      <th></th>\n",
       "      <th>customerID</th>\n",
       "      <th>gender</th>\n",
       "      <th>SeniorCitizen</th>\n",
       "      <th>Partner</th>\n",
       "      <th>Dependents</th>\n",
       "      <th>tenure</th>\n",
       "      <th>PhoneService</th>\n",
       "      <th>MultipleLines</th>\n",
       "      <th>InternetService</th>\n",
       "      <th>OnlineSecurity</th>\n",
       "      <th>...</th>\n",
       "      <th>DeviceProtection</th>\n",
       "      <th>TechSupport</th>\n",
       "      <th>StreamingTV</th>\n",
       "      <th>StreamingMovies</th>\n",
       "      <th>Contract</th>\n",
       "      <th>PaperlessBilling</th>\n",
       "      <th>PaymentMethod</th>\n",
       "      <th>MonthlyCharges</th>\n",
       "      <th>TotalCharges</th>\n",
       "      <th>Churn</th>\n",
       "    </tr>\n",
       "  </thead>\n",
       "  <tbody>\n",
       "    <tr>\n",
       "      <th>0</th>\n",
       "      <td>7590-VHVEG</td>\n",
       "      <td>Female</td>\n",
       "      <td>0</td>\n",
       "      <td>Yes</td>\n",
       "      <td>No</td>\n",
       "      <td>1</td>\n",
       "      <td>No</td>\n",
       "      <td>No phone service</td>\n",
       "      <td>DSL</td>\n",
       "      <td>No</td>\n",
       "      <td>...</td>\n",
       "      <td>No</td>\n",
       "      <td>No</td>\n",
       "      <td>No</td>\n",
       "      <td>No</td>\n",
       "      <td>Month-to-month</td>\n",
       "      <td>Yes</td>\n",
       "      <td>Electronic check</td>\n",
       "      <td>29.85</td>\n",
       "      <td>29.85</td>\n",
       "      <td>No</td>\n",
       "    </tr>\n",
       "    <tr>\n",
       "      <th>1</th>\n",
       "      <td>5575-GNVDE</td>\n",
       "      <td>Male</td>\n",
       "      <td>0</td>\n",
       "      <td>No</td>\n",
       "      <td>No</td>\n",
       "      <td>34</td>\n",
       "      <td>Yes</td>\n",
       "      <td>No</td>\n",
       "      <td>DSL</td>\n",
       "      <td>Yes</td>\n",
       "      <td>...</td>\n",
       "      <td>Yes</td>\n",
       "      <td>No</td>\n",
       "      <td>No</td>\n",
       "      <td>No</td>\n",
       "      <td>One year</td>\n",
       "      <td>No</td>\n",
       "      <td>Mailed check</td>\n",
       "      <td>56.95</td>\n",
       "      <td>1889.5</td>\n",
       "      <td>No</td>\n",
       "    </tr>\n",
       "    <tr>\n",
       "      <th>2</th>\n",
       "      <td>3668-QPYBK</td>\n",
       "      <td>Male</td>\n",
       "      <td>0</td>\n",
       "      <td>No</td>\n",
       "      <td>No</td>\n",
       "      <td>2</td>\n",
       "      <td>Yes</td>\n",
       "      <td>No</td>\n",
       "      <td>DSL</td>\n",
       "      <td>Yes</td>\n",
       "      <td>...</td>\n",
       "      <td>No</td>\n",
       "      <td>No</td>\n",
       "      <td>No</td>\n",
       "      <td>No</td>\n",
       "      <td>Month-to-month</td>\n",
       "      <td>Yes</td>\n",
       "      <td>Mailed check</td>\n",
       "      <td>53.85</td>\n",
       "      <td>108.15</td>\n",
       "      <td>Yes</td>\n",
       "    </tr>\n",
       "    <tr>\n",
       "      <th>3</th>\n",
       "      <td>7795-CFOCW</td>\n",
       "      <td>Male</td>\n",
       "      <td>0</td>\n",
       "      <td>No</td>\n",
       "      <td>No</td>\n",
       "      <td>45</td>\n",
       "      <td>No</td>\n",
       "      <td>No phone service</td>\n",
       "      <td>DSL</td>\n",
       "      <td>Yes</td>\n",
       "      <td>...</td>\n",
       "      <td>Yes</td>\n",
       "      <td>Yes</td>\n",
       "      <td>No</td>\n",
       "      <td>No</td>\n",
       "      <td>One year</td>\n",
       "      <td>No</td>\n",
       "      <td>Bank transfer (automatic)</td>\n",
       "      <td>42.30</td>\n",
       "      <td>1840.75</td>\n",
       "      <td>No</td>\n",
       "    </tr>\n",
       "    <tr>\n",
       "      <th>4</th>\n",
       "      <td>9237-HQITU</td>\n",
       "      <td>Female</td>\n",
       "      <td>0</td>\n",
       "      <td>No</td>\n",
       "      <td>No</td>\n",
       "      <td>2</td>\n",
       "      <td>Yes</td>\n",
       "      <td>No</td>\n",
       "      <td>Fiber optic</td>\n",
       "      <td>No</td>\n",
       "      <td>...</td>\n",
       "      <td>No</td>\n",
       "      <td>No</td>\n",
       "      <td>No</td>\n",
       "      <td>No</td>\n",
       "      <td>Month-to-month</td>\n",
       "      <td>Yes</td>\n",
       "      <td>Electronic check</td>\n",
       "      <td>70.70</td>\n",
       "      <td>151.65</td>\n",
       "      <td>Yes</td>\n",
       "    </tr>\n",
       "  </tbody>\n",
       "</table>\n",
       "<p>5 rows × 21 columns</p>\n",
       "</div>"
      ],
      "text/plain": [
       "   customerID  gender  SeniorCitizen Partner Dependents  tenure PhoneService  \\\n",
       "0  7590-VHVEG  Female              0     Yes         No       1           No   \n",
       "1  5575-GNVDE    Male              0      No         No      34          Yes   \n",
       "2  3668-QPYBK    Male              0      No         No       2          Yes   \n",
       "3  7795-CFOCW    Male              0      No         No      45           No   \n",
       "4  9237-HQITU  Female              0      No         No       2          Yes   \n",
       "\n",
       "      MultipleLines InternetService OnlineSecurity  ...  DeviceProtection  \\\n",
       "0  No phone service             DSL             No  ...                No   \n",
       "1                No             DSL            Yes  ...               Yes   \n",
       "2                No             DSL            Yes  ...                No   \n",
       "3  No phone service             DSL            Yes  ...               Yes   \n",
       "4                No     Fiber optic             No  ...                No   \n",
       "\n",
       "  TechSupport StreamingTV StreamingMovies        Contract PaperlessBilling  \\\n",
       "0          No          No              No  Month-to-month              Yes   \n",
       "1          No          No              No        One year               No   \n",
       "2          No          No              No  Month-to-month              Yes   \n",
       "3         Yes          No              No        One year               No   \n",
       "4          No          No              No  Month-to-month              Yes   \n",
       "\n",
       "               PaymentMethod MonthlyCharges  TotalCharges Churn  \n",
       "0           Electronic check          29.85         29.85    No  \n",
       "1               Mailed check          56.95        1889.5    No  \n",
       "2               Mailed check          53.85        108.15   Yes  \n",
       "3  Bank transfer (automatic)          42.30       1840.75    No  \n",
       "4           Electronic check          70.70        151.65   Yes  \n",
       "\n",
       "[5 rows x 21 columns]"
      ]
     },
     "execution_count": 9,
     "metadata": {},
     "output_type": "execute_result"
    }
   ],
   "source": [
    "dataset.head()"
   ]
  },
  {
   "cell_type": "code",
   "execution_count": 10,
   "metadata": {},
   "outputs": [],
   "source": [
    "#Separating churn and non churn customers\n",
    "churn     = dataset[dataset[\"Churn\"] == \"Yes\"]\n",
    "not_churn = dataset[dataset[\"Churn\"] == \"No\"]"
   ]
  },
  {
   "cell_type": "code",
   "execution_count": 11,
   "metadata": {},
   "outputs": [
    {
     "data": {
      "application/vnd.plotly.v1+json": {
       "config": {
        "linkText": "Export to plot.ly",
        "plotlyServerURL": "https://plot.ly",
        "showLink": false
       },
       "data": [
        {
         "hole": 0.5,
         "hoverinfo": "label+value+text",
         "labels": [
          "No",
          "Yes"
         ],
         "marker": {
          "colors": [
           "royalblue",
           "lime"
          ],
          "line": {
           "color": "white",
           "width": 1.3
          }
         },
         "rotation": 90,
         "type": "pie",
         "uid": "41bf4b5d-244f-4f66-951a-93c1a1a3912b",
         "values": [
          5163,
          1869
         ]
        }
       ],
       "layout": {
        "paper_bgcolor": "rgb(243,243,243)",
        "plot_bgcolor": "rgb(243,243,243)",
        "title": {
         "text": "Customer attrition in data"
        }
       }
      },
      "text/html": [
       "<div id=\"c79525df-61ec-44b8-a3e5-245445d3b151\" style=\"height: 525px; width: 100%;\" class=\"plotly-graph-div\"></div><script type=\"text/javascript\">require([\"plotly\"], function(Plotly) { window.PLOTLYENV=window.PLOTLYENV || {};window.PLOTLYENV.BASE_URL=\"https://plot.ly\";\n",
       "if (document.getElementById(\"c79525df-61ec-44b8-a3e5-245445d3b151\")) {\n",
       "    Plotly.newPlot(\"c79525df-61ec-44b8-a3e5-245445d3b151\", [{\"hole\": 0.5, \"hoverinfo\": \"label+value+text\", \"labels\": [\"No\", \"Yes\"], \"marker\": {\"colors\": [\"royalblue\", \"lime\"], \"line\": {\"color\": \"white\", \"width\": 1.3}}, \"rotation\": 90, \"values\": [5163, 1869], \"type\": \"pie\", \"uid\": \"41bf4b5d-244f-4f66-951a-93c1a1a3912b\"}], {\"paper_bgcolor\": \"rgb(243,243,243)\", \"plot_bgcolor\": \"rgb(243,243,243)\", \"title\": {\"text\": \"Customer attrition in data\"}}, {\"showLink\": false, \"linkText\": \"Export to plot.ly\", \"plotlyServerURL\": \"https://plot.ly\"}); \n",
       "}\n",
       "});</script><script type=\"text/javascript\">window.addEventListener(\"resize\", function(){if (document.getElementById(\"c79525df-61ec-44b8-a3e5-245445d3b151\")) {window._Plotly.Plots.resize(document.getElementById(\"c79525df-61ec-44b8-a3e5-245445d3b151\"));};})</script>"
      ],
      "text/vnd.plotly.v1+html": [
       "<div id=\"c79525df-61ec-44b8-a3e5-245445d3b151\" style=\"height: 525px; width: 100%;\" class=\"plotly-graph-div\"></div><script type=\"text/javascript\">require([\"plotly\"], function(Plotly) { window.PLOTLYENV=window.PLOTLYENV || {};window.PLOTLYENV.BASE_URL=\"https://plot.ly\";\n",
       "if (document.getElementById(\"c79525df-61ec-44b8-a3e5-245445d3b151\")) {\n",
       "    Plotly.newPlot(\"c79525df-61ec-44b8-a3e5-245445d3b151\", [{\"hole\": 0.5, \"hoverinfo\": \"label+value+text\", \"labels\": [\"No\", \"Yes\"], \"marker\": {\"colors\": [\"royalblue\", \"lime\"], \"line\": {\"color\": \"white\", \"width\": 1.3}}, \"rotation\": 90, \"values\": [5163, 1869], \"type\": \"pie\", \"uid\": \"41bf4b5d-244f-4f66-951a-93c1a1a3912b\"}], {\"paper_bgcolor\": \"rgb(243,243,243)\", \"plot_bgcolor\": \"rgb(243,243,243)\", \"title\": {\"text\": \"Customer attrition in data\"}}, {\"showLink\": false, \"linkText\": \"Export to plot.ly\", \"plotlyServerURL\": \"https://plot.ly\"}); \n",
       "}\n",
       "});</script><script type=\"text/javascript\">window.addEventListener(\"resize\", function(){if (document.getElementById(\"c79525df-61ec-44b8-a3e5-245445d3b151\")) {window._Plotly.Plots.resize(document.getElementById(\"c79525df-61ec-44b8-a3e5-245445d3b151\"));};})</script>"
      ]
     },
     "metadata": {},
     "output_type": "display_data"
    }
   ],
   "source": [
    "# DATA Analysis\n",
    "#labels\n",
    "lab = dataset[\"Churn\"].value_counts().keys().tolist()\n",
    "#values\n",
    "val = dataset[\"Churn\"].value_counts().values.tolist()\n",
    "\n",
    "trace = go.Pie(labels = lab ,\n",
    "               values = val ,\n",
    "               marker = dict(colors =  [ 'royalblue' ,'lime'],\n",
    "                             line = dict(color = \"white\",\n",
    "                                         width =  1.3)\n",
    "                            ),\n",
    "               rotation = 90,\n",
    "               hoverinfo = \"label+value+text\",\n",
    "               hole = .5\n",
    "              )\n",
    "layout = go.Layout(dict(title = \"Customer attrition in data\",\n",
    "                        plot_bgcolor  = \"rgb(243,243,243)\",\n",
    "                        paper_bgcolor = \"rgb(243,243,243)\",\n",
    "                       )\n",
    "                  )\n",
    "\n",
    "data = [trace]\n",
    "fig = go.Figure(data = data,layout = layout)\n",
    "py.iplot(fig)"
   ]
  },
  {
   "cell_type": "code",
   "execution_count": 12,
   "metadata": {},
   "outputs": [
    {
     "name": "stdout",
     "output_type": "stream",
     "text": [
      "<class 'pandas.core.frame.DataFrame'>\n",
      "Int64Index: 7032 entries, 0 to 7042\n",
      "Data columns (total 20 columns):\n",
      "gender              7032 non-null int64\n",
      "SeniorCitizen       7032 non-null int64\n",
      "Partner             7032 non-null int64\n",
      "Dependents          7032 non-null int64\n",
      "tenure              7032 non-null int64\n",
      "PhoneService        7032 non-null int64\n",
      "MultipleLines       7032 non-null int64\n",
      "InternetService     7032 non-null int64\n",
      "OnlineSecurity      7032 non-null int64\n",
      "OnlineBackup        7032 non-null int64\n",
      "DeviceProtection    7032 non-null int64\n",
      "TechSupport         7032 non-null int64\n",
      "StreamingTV         7032 non-null int64\n",
      "StreamingMovies     7032 non-null int64\n",
      "Contract            7032 non-null int64\n",
      "PaperlessBilling    7032 non-null int64\n",
      "PaymentMethod       7032 non-null int64\n",
      "MonthlyCharges      7032 non-null float64\n",
      "TotalCharges        7032 non-null object\n",
      "Churn               7032 non-null int64\n",
      "dtypes: float64(1), int64(18), object(1)\n",
      "memory usage: 1.1+ MB\n"
     ]
    }
   ],
   "source": [
    "dataset['gender'].replace(['Male','Female'],[0,1],inplace=True)\n",
    "dataset['Partner'].replace(['Yes','No'],[1,0],inplace=True)\n",
    "dataset['Dependents'].replace(['Yes','No'],[1,0],inplace=True)\n",
    "dataset['PhoneService'].replace(['Yes','No'],[1,0],inplace=True)\n",
    "dataset['MultipleLines'].replace(['No phone service','No', 'Yes'],[0,0,1],inplace=True)\n",
    "dataset['InternetService'].replace(['No','DSL','Fiber optic'],[0,1,2],inplace=True)\n",
    "dataset['OnlineSecurity'].replace(['No','Yes','No internet service'],[0,1,0],inplace=True)\n",
    "dataset['OnlineBackup'].replace(['No','Yes','No internet service'],[0,1,0],inplace=True)\n",
    "dataset['DeviceProtection'].replace(['No','Yes','No internet service'],[0,1,0],inplace=True)\n",
    "dataset['TechSupport'].replace(['No','Yes','No internet service'],[0,1,0],inplace=True)\n",
    "dataset['StreamingTV'].replace(['No','Yes','No internet service'],[0,1,0],inplace=True)\n",
    "dataset['StreamingMovies'].replace(['No','Yes','No internet service'],[0,1,0],inplace=True)\n",
    "dataset['Contract'].replace(['Month-to-month', 'One year', 'Two year'],[0,1,2],inplace=True)\n",
    "dataset['PaperlessBilling'].replace(['Yes','No'],[1,0],inplace=True)\n",
    "dataset['PaymentMethod'].replace(['Electronic check', 'Mailed check', 'Bank transfer (automatic)','Credit card (automatic)'],[0,1,2,3],inplace=True)\n",
    "dataset['Churn'].replace(['Yes','No'],[1,0],inplace=True)\n",
    "dataset\n",
    "dataset.pop('customerID')\n",
    "dataset.info() "
   ]
  },
  {
   "cell_type": "code",
   "execution_count": 13,
   "metadata": {},
   "outputs": [
    {
     "data": {
      "application/vnd.plotly.v1+json": {
       "config": {
        "linkText": "Export to plot.ly",
        "plotlyServerURL": "https://plot.ly",
        "showLink": false
       },
       "data": [
        {
         "colorbar": {
          "title": {
           "side": "right",
           "text": "Pearson Correlation coefficient"
          }
         },
         "colorscale": "Viridis",
         "type": "heatmap",
         "uid": "37c819f6-331f-4a9b-ac50-67d8eb9c3bfc",
         "x": [
          "gender",
          "SeniorCitizen",
          "Partner",
          "Dependents",
          "tenure",
          "PhoneService",
          "MultipleLines",
          "InternetService",
          "OnlineSecurity",
          "OnlineBackup",
          "DeviceProtection",
          "TechSupport",
          "StreamingTV",
          "StreamingMovies",
          "Contract",
          "PaperlessBilling",
          "PaymentMethod",
          "MonthlyCharges",
          "Churn"
         ],
         "y": [
          "gender",
          "SeniorCitizen",
          "Partner",
          "Dependents",
          "tenure",
          "PhoneService",
          "MultipleLines",
          "InternetService",
          "OnlineSecurity",
          "OnlineBackup",
          "DeviceProtection",
          "TechSupport",
          "StreamingTV",
          "StreamingMovies",
          "Contract",
          "PaperlessBilling",
          "PaymentMethod",
          "MonthlyCharges",
          "Churn"
         ],
         "z": [
          [
           1,
           0.0018193906134190093,
           0.0013790513218355396,
           -0.01034891712761414,
           -0.005285371870295532,
           0.0075149799091999234,
           0.008882737146285997,
           0.009642714226763839,
           0.016327823070706123,
           0.013092839264555147,
           0.0008067457759128009,
           0.008507162405232742,
           0.007124396986724594,
           0.010105418366566175,
           -9.469919617539418e-05,
           0.011901894766838502,
           0.004927526635533001,
           0.01377932726835439,
           0.008544643224947239
          ],
          [
           0.0018193906134190093,
           1,
           0.01695661453202187,
           -0.21055006112684216,
           0.01568347989913408,
           0.008391611911217043,
           0.14299625086621018,
           0.25903038292907327,
           -0.0385763901686064,
           0.06666279065142021,
           0.059513871482029225,
           -0.060576839406188035,
           0.10544501753678828,
           0.11984236746151568,
           -0.1418200214763499,
           0.15625775052783097,
           -0.09371242740091058,
           0.21987422950593524,
           0.1505410534156757
          ],
          [
           0.0013790513218355396,
           0.01695661453202187,
           1,
           0.45226888584550023,
           0.38191150910757227,
           0.018397189302703662,
           0.1425612874681736,
           0.0009381229234346935,
           0.14334606167364233,
           0.14184917072520303,
           0.1535564364182745,
           0.12020601780298455,
           0.12448262672518244,
           0.11810820943292764,
           0.2940938478922008,
           -0.013956696136191696,
           0.13328023709953218,
           0.09782497186891964,
           -0.14998192562006138
          ],
          [
           -0.01034891712761414,
           -0.21055006112684216,
           0.45226888584550023,
           1,
           0.1633859669155674,
           -0.001077812708067608,
           -0.024306661314620996,
           -0.17778890678183232,
           0.08078553224088346,
           0.023638813060609963,
           0.013899668260943368,
           0.06305315799997827,
           -0.01649868035801052,
           -0.03837492560091315,
           0.24055554309415067,
           -0.11013068597336993,
           0.12400185710033991,
           -0.11234295350128183,
           -0.16312843938822
          ],
          [
           -0.005285371870295532,
           0.01568347989913408,
           0.38191150910757227,
           0.1633859669155674,
           1,
           0.00787733329504182,
           0.33239924473562416,
           0.03127233557197849,
           0.32829748818662313,
           0.36113847824658435,
           0.36151999528622747,
           0.32528845410000945,
           0.28026362807482713,
           0.2854022671060815,
           0.6767340274085657,
           0.004823156615386301,
           0.34093850815230337,
           0.2468617666408946,
           -0.3540493589532604
          ],
          [
           0.0075149799091999234,
           0.008391611911217043,
           0.018397189302703662,
           -0.001077812708067608,
           0.00787733329504182,
           1,
           0.2795295400049995,
           0.09418224716163481,
           -0.09167570469500017,
           -0.05213341919796151,
           -0.07007561533228862,
           -0.09513849428922488,
           -0.021382711870578185,
           -0.03347749718236395,
           0.0030186874522809015,
           0.016696123642784135,
           -0.0031064344342113673,
           0.24803306647571727,
           0.011691398865422323
          ],
          [
           0.008882737146285997,
           0.14299625086621018,
           0.1425612874681736,
           -0.024306661314620996,
           0.33239924473562416,
           0.2795295400049995,
           1,
           0.34506756954212914,
           0.0985919934252315,
           0.2022283972825372,
           0.201732824517757,
           0.10042125595413272,
           0.25780350066730157,
           0.2591943175468362,
           0.10752855028682363,
           0.1637457730112591,
           0.03600850798851662,
           0.4909121973267486,
           0.040032739872523634
          ],
          [
           0.009642714226763839,
           0.25903038292907327,
           0.0009381229234346935,
           -0.17778890678183232,
           0.03127233557197849,
           0.09418224716163481,
           0.34506756954212914,
           1,
           0.1564927822293943,
           0.30722254528069676,
           0.3134200657866956,
           0.16453168688250938,
           0.4296162721470905,
           0.42682027813060314,
           -0.288854624032099,
           0.3776437796698681,
           -0.17865549827433783,
           0.9053889307102049,
           0.3163500840320722
          ],
          [
           0.016327823070706123,
           -0.0385763901686064,
           0.14334606167364233,
           0.08078553224088346,
           0.32829748818662313,
           -0.09167570469500017,
           0.0985919934252315,
           0.1564927822293943,
           1,
           0.28328454262626757,
           0.274875003842449,
           0.35445796164509147,
           0.1755144708953688,
           0.18742584957299618,
           0.24565954264439152,
           -0.004051250607988492,
           0.16284765811958415,
           0.29644695923758535,
           -0.17126992353351678
          ],
          [
           0.013092839264555147,
           0.06666279065142021,
           0.14184917072520303,
           0.023638813060609963,
           0.36113847824658435,
           -0.05213341919796151,
           0.2022283972825372,
           0.30722254528069676,
           0.28328454262626757,
           1,
           0.30305766643807824,
           0.29370469187781045,
           0.2816010622259753,
           0.27452301070772545,
           0.15526240181588982,
           0.12705603268686044,
           0.09624625049751086,
           0.4415290881871025,
           -0.08230696876508349
          ],
          [
           0.0008067457759128009,
           0.059513871482029225,
           0.1535564364182745,
           0.013899668260943368,
           0.36151999528622747,
           -0.07007561533228862,
           0.201732824517757,
           0.3134200657866956,
           0.274875003842449,
           0.30305766643807824,
           1,
           0.33285005080469243,
           0.3899237975094597,
           0.4023088228216018,
           0.21964802153967228,
           0.10407904724402045,
           0.11095267509744627,
           0.48260691224313823,
           -0.06619251684228997
          ],
          [
           0.008507162405232742,
           -0.060576839406188035,
           0.12020601780298455,
           0.06305315799997827,
           0.32528845410000945,
           -0.09513849428922488,
           0.10042125595413272,
           0.16453168688250938,
           0.35445796164509147,
           0.29370469187781045,
           0.33285005080469243,
           1,
           0.277548599200549,
           0.2801552432906342,
           0.2939674207810755,
           0.03753587307318976,
           0.1671889759875837,
           0.3383013914342487,
           -0.16471590834411207
          ],
          [
           0.007124396986724594,
           0.10544501753678828,
           0.12448262672518244,
           -0.01649868035801052,
           0.28026362807482713,
           -0.021382711870578185,
           0.25780350066730157,
           0.4296162721470905,
           0.1755144708953688,
           0.2816010622259753,
           0.3899237975094597,
           0.277548599200549,
           1,
           0.5333800979319763,
           0.10417754120577197,
           0.22424119793848596,
           -0.014230185862109937,
           0.6296678921767463,
           0.06325398027519404
          ],
          [
           0.010105418366566175,
           0.11984236746151568,
           0.11810820943292764,
           -0.03837492560091315,
           0.2854022671060815,
           -0.03347749718236395,
           0.2591943175468362,
           0.42682027813060314,
           0.18742584957299618,
           0.27452301070772545,
           0.4023088228216018,
           0.2801552432906342,
           0.5333800979319763,
           1,
           0.10913580513588644,
           0.21158250423808916,
           -0.004261389861904905,
           0.6272347301103778,
           0.06085993668146301
          ],
          [
           -9.469919617539418e-05,
           -0.1418200214763499,
           0.2940938478922008,
           0.24055554309415067,
           0.6767340274085657,
           0.0030186874522809015,
           0.10752855028682363,
           -0.288854624032099,
           0.24565954264439152,
           0.15526240181588982,
           0.21964802153967228,
           0.2939674207810755,
           0.10417754120577197,
           0.10913580513588644,
           1,
           -0.1754746286506361,
           0.3594867456293941,
           -0.07273859847797057,
           -0.39614953299366124
          ],
          [
           0.011901894766838502,
           0.15625775052783097,
           -0.013956696136191696,
           -0.11013068597336993,
           0.004823156615386301,
           0.016696123642784135,
           0.1637457730112591,
           0.3776437796698681,
           -0.004051250607988492,
           0.12705603268686044,
           0.10407904724402045,
           0.03753587307318976,
           0.22424119793848596,
           0.21158250423808916,
           -0.1754746286506361,
           1,
           -0.10179021416260356,
           0.35193041537125247,
           0.19145432108006671
          ],
          [
           0.004927526635533001,
           -0.09371242740091058,
           0.13328023709953218,
           0.12400185710033991,
           0.34093850815230337,
           -0.0031064344342113673,
           0.03600850798851662,
           -0.17865549827433783,
           0.16284765811958415,
           0.09624625049751086,
           0.11095267509744627,
           0.1671889759875837,
           -0.014230185862109937,
           -0.004261389861904905,
           0.3594867456293941,
           -0.10179021416260356,
           1,
           -0.0746395421664957,
           -0.26291784264757556
          ],
          [
           0.01377932726835439,
           0.21987422950593524,
           0.09782497186891964,
           -0.11234295350128183,
           0.2468617666408946,
           0.24803306647571727,
           0.4909121973267486,
           0.9053889307102049,
           0.29644695923758535,
           0.4415290881871025,
           0.48260691224313823,
           0.3383013914342487,
           0.6296678921767463,
           0.6272347301103778,
           -0.07273859847797057,
           0.35193041537125247,
           -0.0746395421664957,
           1,
           0.19285821847008583
          ],
          [
           0.008544643224947239,
           0.1505410534156757,
           -0.14998192562006138,
           -0.16312843938822,
           -0.3540493589532604,
           0.011691398865422323,
           0.040032739872523634,
           0.3163500840320722,
           -0.17126992353351678,
           -0.08230696876508349,
           -0.06619251684228997,
           -0.16471590834411207,
           0.06325398027519404,
           0.06085993668146301,
           -0.39614953299366124,
           0.19145432108006671,
           -0.26291784264757556,
           0.19285821847008583,
           1
          ]
         ]
        }
       ],
       "layout": {
        "autosize": false,
        "height": 720,
        "margin": {
         "b": 210,
         "l": 210,
         "r": 0,
         "t": 25
        },
        "title": {
         "text": "Correlation Matrix for variables"
        },
        "width": 800,
        "xaxis": {
         "tickfont": {
          "size": 9
         }
        },
        "yaxis": {
         "tickfont": {
          "size": 9
         }
        }
       }
      },
      "text/html": [
       "<div id=\"60eee97e-ca72-4981-b74d-61f957e30da5\" style=\"height: 720px; width: 800px;\" class=\"plotly-graph-div\"></div><script type=\"text/javascript\">require([\"plotly\"], function(Plotly) { window.PLOTLYENV=window.PLOTLYENV || {};window.PLOTLYENV.BASE_URL=\"https://plot.ly\";\n",
       "if (document.getElementById(\"60eee97e-ca72-4981-b74d-61f957e30da5\")) {\n",
